17041
9151
20495
20106
5392
10028
4318
8569
5135
6634
7565
5990
4203
3363
3755
3368
5719
3422
3954
3316
2535
1802
2564
3166
3715
2511
2404
2736
2335
2653
2460
2557
2420
2234
2907
1211
1606
1694
1984
2384
2235
2243
1939
1554
2176
2308
1445
1462
1581
1988
1666
1141
1637
1662
775
1591
992
2479
1096
1873
1147
901
1188
1230
1439
910
857
1963
1219
1622
1113
1209
1643
1504
1295
1574
1417
1215
1250
1024
995
1092
928
953
1005
853
1145
1233
788
906
1248
871
1089
874
1832
713
852
892
781
1180
716
1484
636
1197
630
614
1610
822
1155
588
896
792
740
962
1117
1519
1019
675
1031
719
767
590
568
734
563
926
562
616
492
753
850
746
589
844
773
1436
1052
1357
952
1758
708
1089
1091
666
859
505
973
753
859
726
1287
1113
634
809
1184
643
967
1320
960
1036
1453
523
795
725
776
877
652
1661
340
628
1549
572
974
595
773
720
1050
981
1419
894
605
547
845
604
1006
669
700
610
1402
567
871
623
476
631
632
944
1062
470
583
792
708
1073
475
563
335
466
642
393
995
694
491
522
956
1817
640
972
997
763
628
669
768
827
1055
1632
558
703
968
554
583
558
899
487
949
1145
430
649
675
773
344
516
541
751
598
585
873
369
441
845
951
698
406
326
496
1121
436
960
240
644
846
682
689
672
957
537
1128
718
519
1065
586
851
542
481
501
891
536
365
566
436
934
546
322
501
692
376
539
450
970
369
331
791
334
676
981
608
425
327
539
922
376
540
448
460
681
859
488
474
424
796
361
529
359
362
365
346
415
389
330
1095
566
256
173
483
432
250
769
672
696
333
958
832
251
709
540
285
1083
436
498
463
443
1208
515
398
262
1022
1042
568
1068
690
458
433
1036
535
552
573
416
165
419
596
448
447
693
242
344
895
666
563
354
996
581
426
176
511
445
609
724
399
398
500
360
550
535
279
490
483
412
832
251
285
456
472
393
311
555
629
341
761
479
881
252
334
242
513
397
791
344
168
382
257
899
398
719
455
566
368
357
318
377
164
214
850
418
399
416
273
491
429
674
484
274
218
276
678
256
649
193
340
678
178
699
539
255
327
377
258
314
282
211
239
527
169
352
417
332
269
404
213
176
286
213
417
180
259
469
397
400
1205
355
186
502
266
364
467
413
252
384
605
341
854
762
162
314
305
383
294
353
302
497
258
241
430
523
283
171
360
211
306
166
436
522
420
331
168
466
242
269
186
214
509
248
477
250
217
455
255
486
183
173
207
372
271
172
391
172
381
200
443
161
205
528
360
213
475
273
157
271
339
339
305
173
177
171
485
219
169
256
298
255
280
342
170
173
196
310
298
274
256
328
197
403
253
206
200
283
264
459
322
178
270
170
330
271
252
489
173
330
280
266
175
290
251
389
414
289
329
371
344
355
168
407
480
162
359
360
294
543
239
289
268
343
162
175
233
371
198
186
309
251
383
264
268
287
333
507
168
270
280
449
170
245
346
280
163
244
325
359
316
199
354
418
290
394
373
250
243
246
177
321
220
250
252
166
404
240
287
210
371
298
432
187
328
165
325
265
230
548
504
392
316
290
265
162
233
316
276
170
174
173
201
243
333
160
229
170
165
217
185
176
179
233
357
160
162
336
165
167
212
204
269
269
193
241
305
386
162
176
335
402
167
170
231
265
187
196
327
234
227
348
204
171
229
168
451
271
425
162
169
173
473
276
230
283
205
266
172
260
166
231
172
167
160
263
391
288
168
255
170
165
167
168
211
283
282
227
212
176
194
208
169
168
267
345
434
196
250
224
198
254
198
400
159
169
334
193
256
186
195
170
165
355
206
233
512
164
250
178
234
264
162
199
171
249
167
200
175
173
285
178
280
169
200
195
196
342
346
266
251
157
272
169
174
336
281
196
286
273
167
202
170
271
171
173
277
259
331
164
239
172
169
171
198
333
348
181
360
166
291
249
189
166
187
209
268
161
184
167
164
270
192
165
222
175
171
176
196
200
217
158
168
208
239
345
169
192
251
163
165
196
166
159
215
272
173
201
172
172
301
159
168
191
221
164
164
288
170
184
192
159
161
161
190
213
271
192
287
169
199
205
191
188
201
154
193
159
183
191
193
193
197
230
169
276
169
197
165
203
238
201
289
173
231
219
164
173
229
165
168
192
173
166
213
190
171
248
167
315
257
160
271
226
165
171
159
195
171
177
194
200
163
209
211
196
194
169
159
233
263
209
161
174
193
269
166
263
197
233
169
214
170
249
212
279
171
171
327
226
160
161
168
199
165
195
248
166
189
209
234
203
282
274
304
196
167
177
222
167
200
193
215
169
168
284
284
164
185
159
203
168
301
160
161
