12053
31065
14552
13583
19037
6665
13958
4591
4016
3471
4216
2144
1931
3383
2599
3301
3394
5078
1388
7531
2261
2597
2861
3214
2363
5040
3810
4855
6896
1081
1427
4969
618
2501
3554
1182
3028
1261
1087
1595
1213
1456
3494
1555
1723
899
1779
2084
1565
1504
497
1242
1017
3776
844
1743
954
2407
1642
1988
706
915
1466
1508
610
2650
1286
459
3966
1135
2709
1497
1285
1122
487
2144
1736
407
2246
1656
782
1830
2501
2306
2212
1457
1984
1172
2645
1084
2038
1318
1940
3364
2137
451
1108
976
2031
1050
1625
1640
1602
1120
972
1137
714
1672
1383
605
507
1357
3253
886
919
1506
1271
2809
1718
1060
1320
1155
612
1868
1183
2225
547
1585
3650
2374
1159
1063
1599
706
885
2091
1340
1209
2346
1855
1103
686
5095
2643
955
2178
436
2244
1674
620
1174
1106
1344
1038
701
1771
1603
513
2158
1792
359
846
717
1547
390
2605
3997
4648
2140
515
1141
1254
4042
2248
1723
913
650
2177
1060
1002
1070
960
1359
1136
2393
921
1467
1177
769
2781
1588
1274
1665
1389
2536
1403
4608
771
2310
985
1251
459
2779
638
2116
1640
595
1309
4105
655
2586
1820
2055
1214
1384
1322
1556
2608
2154
2624
653
1018
2552
787
1820
845
1010
2962
3141
1472
3702
1878
1548
2506
1001
1547
1056
3138
2175
4114
2148
1721
1801
1307
1253
1998
1438
1309
812
2177
2494
3807
1927
515
2957
458
2777
457
2674
2667
3295
1254
838
1903
858
1543
1614
2316
1933
1019
1898
1787
3902
4622
1304
2602
1799
1143
2544
2740
1827
3788
2984
2418
2549
2647
3194
1011
3138
2296
2759
1135
1759
954
2380
3227
1824
1517
3122
1145
3081
1388
3814
2212
3073
3328
1556
4716
10167
2834
581
1637
3076
3779
1968
904
1588
1936
3640
1817
3793
4770
549
3333
3798
379
6119
1606
3425
822
3197
1450
5515
1926
4303
2067
1986
1199
1663
2841
3154
1715
4265
1076
4723
2470
3077
2651
778
799
881
1195
310
765
5391
4002
7018
4336
1093
1977
3028
3241
1933
2231
7748
1852
1915
3840
2071
5635
1719
1963
1183
2958
3081
3794
2969
1004
1329
4471
2924
347
1511
2051
4650
835
3728
600
3094
2899
2732
1826
3227
3738
3103
1609
2695
2936
3346
1479
1522
1958
1610
2295
2416
2480
752
1499
1221
537
560
1545
990
3706
1456
389
1847
4259
6015
1310
2348
1524
1643
753
300
1257
1195
732
587
904
2473
1526
2940
4745
990
3380
2020
2836
1889
1565
999
3435
737
1499
2627
3211
1001
1187
2355
801
2506
6124
2382
3222
1729
3006
1772
489
1349
2826
1080
2309
700
1991
1614
2101
1760
489
2783
3395
2829
1574
1316
3181
2157
3071
2390
1624
4603
1833
424
4420
3276
2477
3639
1274
2471
1014
2630
1733
1096
3580
1230
1902
991
822
1676
805
1432
1973
3365
1789
1447
1879
3295
2067
4428
2014
2266
3872
2975
620
2690
2992
1138
2176
1166
725
1671
5437
2755
2551
2288
1509
2803
2101
1041
1458
1297
1338
2356
3943
1467
3970
3671
1082
3794
1869
2986
4415
4284
4583
2200
611
1698
2972
1553
1395
3033
403
1710
5768
1785
801
902
2949
2032
686
2466
3354
2420
5227
3577
3193
2400
2653
2725
3034
5664
2734
2719
1289
1475
3915
2679
1605
2176
2994
1906
1108
1773
5018
4165
1988
2165
1180
2062
2129
907
7522
773
1237
3226
3192
3321
8328
4004
2673
7439
4822
3656
2422
4993
3028
2323
2777
3777
1566
1533
1698
1851
6140
2937
1423
1213
2813
13531
2517
14122
8545
5991
3521
2736
4088
1603
2326
2327
1615
23158
5549
2297
4522
3102
2789
2063
2769
4570
8414
6227
7628
965
4604
5992
13158
5312
3967
8105
8449
3632
2576
3114
2297
7902
2834
8467
14747
7935
10437
9062
6563
2895
6909
7523
27379
3234
3276
5536
38050
8260
10904
5049
7947
8002
42085
13888
5268
7816
4959
2577
1944
6960
7522
13005
39458
12761
16321
9990
29273
4882
6249
11104
6256
7800
23601
20097
19350
17760
2550
14679
2998
6423
20801
3387
21205
5943
15376
10383
41936
17047
30820
38388
15368
13785
18558
16433
2014
36860
11042
38169
15566
8271
38769
2523
4022
14913
34276
8316
15375
39085
2672
12361
22647
11544
7753
4139
1933
4275
9170
5276
5302
18845
14834
5678
6354
4866
5514
28022
7841
11273
2621
2102
2135
13887
14371
16056
6493
19027
2893
3121
355
4679
2001
11688
16854
4354
18426
1618
11651
12465
15797
3653
1443
9068
4630
1046
3584
2335
7243
6360
7219
10624
7521
5572
5637
8388
1728
2722
10294
6471
3412
10899
6731
4506
8940
13215
3214
12558
4045
2927
13657
4215
7819
33183
4130
1146
3787
1689
11964
4662
5417
7272
4624
776
3760
6434
5611
1482
6159
15942
12111
2138
6655
2062
2705
8052
4033
4416
1347
8090
12541
16133
2064
8636
18026
1841
1801
2576
1468
4470
25102
13370
3498
13360
5504
2026
7055
5245
4495
7767
5136
6092
3729
6337
2969
1686
2898
2002
4197
8022
12462
1121
4266
4447
12580
5971
6122
3730
4166
29555
8853
18159
11859
2859
8485
13315
29321
14779
21829
9508
7670
6616
10213
5176
2928
8111
2712
12524
21775
5113
19305
5836
3359
8801
15354
4044
6922
7183
1310
7064
8390
9629
29125
5762
8606
19427
10782
12280
2186
1494
17502
1580
15634
42730
3123
3761
42404
30198
23673
15285
43737
49643
