2640
5675
9415
2306
620
1280
1450
860
594
603
295
1072
627
570
410
626
410
432
505
549
687
329
474
1073
888
397
288
612
369
476
363
697
346
430
430
522
418
443
458
698
390
429
405
789
469
529
352
863
428
589
612
342
752
437
827
345
806
321
241
539
198
399
330
577
769
321
1072
523
593
1676
744
1697
864
404
439
1105
1283
728
278
726
315
707
323
650
529
4179
4610
1003
1068
3304
5227
1807
773
2375
4091
1264
2761
1910
2803
1148
2382
1770
1899
714
355
603
3428
1236
6208
6167
2339
1894
1172
459
1524
831
1139
3086
1820
1495
1163
507
2710
1164
618
3573
1237
1946
2005
1285
1675
1884
487
1375
2220
1675
2858
2805
1264
433
4130
681
2781
8981
2951
1721
3694
2257
1140
2288
1327
1464
17107
8140
5773
4102
6866
2078
842
1370
356
25067
24428
4457
714
1827
1059
1099
1455
1763
883
512
310
1170
1921
900
883
187
464
624
558
1114
1430
1840
400
926
1719
543
8993
2944
2317
561
1559
1413
355
546
1659
2009
3749
836
473
1154
2070
396
1029
2070
1604
1515
3125
2901
1025
782
2106
285
362
450
5638
643
953
958
2147
1841
1553
4476
552
856
894
1866
2332
3366
2417
2144
2035
1349
4082
3173
917
3566
3898
991
2245
825
600
920
2889
972
1668
353
645
380
4987
415
801
2102
986
2350
424
1081
283
1857
572
871
403
1316
2926
844
2019
1148
1203
1040
840
1274
493
353
336
896
719
997
1263
340
973
873
1093
1080
275
1082
4179
1769
5309
1762
942
716
836
474
1521
2115
440
1517
24920
7838
5857
3812
2285
941
795
1288
1285
770
719
4900
564
1524
2167
752
16981
19404
27145
844
1430
31927
397
1425
2529
2646
639
1352
1819
1559
2153
1551
1224
1276
1182
812
823
808
648
1158
842
609
2460
1094
576
688
576
641
830
907
1414
684
581
2919
356
1255
662
449
494
1894
1072
812
1310
847
567
3186
1345
354
1314
2104
437
466
1516
1124
449
1465
1278
458
896
1010
1476
572
3715
1075
768
2096
2508
707
460
1843
1160
802
1292
1729
1470
2197
773
2693
1782
1013
803
611
1082
971
1136
1462
1259
432
2990
1818
2160
465
1066
1131
1096
4075
1485
2073
1626
691
5842
3248
4030
1543
1837
686
3367
3807
1829
1782
3369
4781
2837
4742
3693
1045
970
4793
3363
884
2784
3395
8321
2105
7280
2570
3789
14202
5572
14188
6167
5222
3057
2920
3501
335
5336
7189
4700
11415
3725
4692
2431
1418
1420
1157
4827
5351
5929
1414
9907
8101
5241
3715
8049
1803
4283
1429
2356
3046
2638
1643
1116
822
916
1100
772
1215
1799
759
725
6182
920
409
896
2696
2016
738
938
2872
