7876
3866
3392
2244
1820
1397
1436
1703
1281
1063
1003
828
927
701
643
1089
415
673
719
581
396
681
742
608
265
407
912
544
362
898
248
540
234
339
527
496
343
325
981
249
429
184
169
487
275
420
253
284
803
320
355
152
557
591
317
611
243
472
769
463
318
308
408
259
262
421
454
168
247
718
617
163
261
173
564
349
554
157
347
258
173
479
170
319
303
233
173
263
380
503
341
178
610
644
341
337
3211
531
176
391
244
171
183
270
988
173
304
161
419
336
173
1369
368
321
175
379
1197
1162
230
161
168
171
165
174
571
237
264
501
1257
458
1300
450
596
1037
1129
1670
530
979
249
734
374
1817
1363
362
169
3103
390
1130
251
308
378
993
572
166
167
604
244
178
248
323
318
750
273
170
1113
238
588
244
172
236
161
164
214
1202
246
285
172
240
176
318
197
321
295
249
1179
298
171
327
958
448
242
302
331
247
244
174
220
311
174
273
169
235
174
170
167
321
317
885
240
267
228
400
347
365
259
187
205
213
166
169
210
204
197
214
167
246
192
168
166
159
176
178
349
273
176
252
305
252
201
188
202
170
234
166
191
196
185
191
168
187
224
249
245
275
432
237
395
275
221
290
401
492
298
582
310
557
311
123
413
745
206
358
227
277
190
341
208
557
207
370
221
322
214
310
196
382
253
250
408
204
431
229
560
336
1167
555
701
614
538
840
199
249
345
467
360
201
369
568
278
199
882
198
373
368
236
324
225
211
383
321
212
253
220
181
439
465
294
199
287
323
203
259
381
391
310
439
372
299
199
220
249
213
297
348
302
228
217
388
217
208
374
396
216
292
410
300
294
197
301
285
200
203
515
281
302
307
197
218
269
168
279
192
468
188
180
208
212
274
176
170
208
224
234
278
275
173
178
290
264
224
197
203
437
210
205
299
218
270
224
179
210
191
176
203
212
211
234
185
220
415
376
200
202
225
210
258
226
173
295
192
235
211
202
171
318
213
167
313
200
210
209
202
303
205
257
171
203
196
208
157
298
203
196
204
292
178
217
200
166
246
199
196
213
286
205
318
195
199
213
209
209
290
289
203
199
214
202
201
168
256
203
200
268
200
199
281
170
243
367
208
194
202
198
285
215
199
196
211
372
346
369
406
198
308
209
195
210
386
270
175
201
260
205
216
201
238
199
324
197
203
181
302
212
204
196
247
275
268
255
253
299
415
381
252
206
216
157
383
205
159
278
162
208
191
205
189
210
173
357
370
174
252
217
384
244
280
254
207
201
177
281
205
365
224
424
197
301
198
259
176
286
166
253
210
258
211
208
206
335
281
318
367
200
306
205
205
286
195
196
210
206
179
204
303
396
222
218
213
176
223
257
211
210
271
163
301
200
263
219
312
211
292
206
198
211
195
209
210
197
207
199
182
455
167
303
206
329
218
859
379
326
368
242
371
380
213
280
451
208
209
252
244
174
281
204
208
193
211
432
220
199
296
311
554
214
222
262
282
286
208
305
218
200
246
214
407
453
393
591
166
340
265
217
357
222
282
290
205
373
233
208
209
214
374
354
172
593
436
388
257
472
281
517
206
278
383
203
400
280
360
371
159
437
294
197
212
212
183
388
1058
213
825
294
362
451
219
202
188
261
1162
595
226
434
715
394
377
202
415
281
212
534
373
281
1040
307
483
1028
409
605
532
366
430
200
774
775
207
551
397
372
283
168
238
291
356
415
866
437
557
877
504
1822
2122
815
287
587
955
257
488
598
279
215
1079
278
205
360
415
381
202
341
515
207
466
1638
332
279
291
1066
1242
242
408
320
436
209
304
208
5003
1040
297
1074
373
205
286
199
252
214
288
286
250
828
206
580
363
1325
466
624
285
571
358
657
516
334
250
312
200
809
528
377
436
304
378
1408
419
215
432
467
469
407
217
920
341
3120
749
215
433
330
849
527
2280
773
275
198
740
675
492
620
295
518
508
330
650
170
1372
810
417
347
287
861
1772
558
885
330
294
556
815
2029
402
240
1584
820
200
364
471
504
207
641
341
219
878
807
1380
1789
703
543
374
1065
477
555
798
383
1055
665
707
645
2174
832
401
782
239
449
443
408
615
754
565
430
397
710
405
2647
3092
485
635
1138
539
241
350
304
241
281
400
918
780
1024
445
1407
206
463
797
1353
311
637
702
391
2344
1256
311
1103
606
235
473
297
316
970
398
342
470
460
378
557
484
1011
492
1359
1135
750
569
797
647
1432
233
874
477
504
223
304
408
512
1202
351
1449
241
247
609
332
591
210
539
950
1342
548
388
1046
289
396
568
218
2150
341
975
2127
431
544
761
415
1677
312
1233
385
372
494
