2261
5749
2192
3353
1473
979
1092
1721
1868
972
1196
550
422
394
599
557
433
549
466
420
391
325
745
389
440
254
478
580
323
291
406
347
310
357
352
361
300
171
244
371
228
202
326
286
170
400
276
222
283
245
355
156
309
156
226
231
218
209
230
246
179
339
268
253
251
168
160
299
230
375
238
164
393
155
150
245
199
150
185
180
181
186
189
160
146
155
152
180
218
224
229
203
269
166
164
123
189
167
174
153
162
149
196
147
234
202
257
254
251
190
208
205
176
190
207
152
155
188
184
165
167
195
163
157
197
205
169
159
151
162
156
155
163
162
151
152
153
147
148
148
148
144
261
151
153
153
165
134
117
153
170
149
163
160
188
149
152
175
157
154
179
188
143
201
137
200
196
220
219
123
200
144
189
130
199
195
175
130
148
156
162
117
203
150
130
203
203
156
164
160
153
148
188
153
188
122
151
184
200
215
162
151
190
187
192
176
202
119
148
136
156
207
200
151
151
121
276
193
156
131
216
198
191
153
252
235
201
167
191
189
203
159
198
196
163
165
154
184
201
201
154
205
221
157
131
148
150
206
123
155
199
196
157
210
209
173
148
200
206
150
156
193
147
167
214
152
151
159
247
170
112
158
150
157
156
205
148
159
148
188
152
230
149
179
213
158
155
158
217
321
190
219
141
215
142
204
199
162
153
221
197
188
164
152
166
191
153
166
152
156
149
143
148
191
199
174
161
133
136
155
151
148
160
155
140
160
154
232
190
194
126
192
122
158
186
195
198
151
150
194
186
225
158
186
152
189
118
146
148
196
184
205
155
207
239
287
236
290
310
294
206
201
192
196
200
195
194
205
211
198
157
150
167
140
150
146
155
147
156
119
122
155
158
151
151
147
152
155
152
149
146
145
150
149
189
152
191
144
226
163
158
157
152
217
153
142
156
150
121
150
150
187
224
148
154
131
156
242
198
159
155
153
196
117
157
119
155
161
123
157
120
163
150
149
125
132
154
232
121
150
155
154
155
156
234
201
155
148
127
148
209
126
198
238
159
245
185
199
165
205
157
158
223
159
160
232
221
187
193
194
154
237
153
123
152
158
156
195
198
161
220
151
119
151
149
125
184
129
154
151
148
146
149
182
145
193
194
149
190
142
