6066
4646
2557
2012
1278
1397
1191
1058
1504
744
716
947
1002
923
548
1139
563
440
309
971
735
333
775
249
687
4324
337
399
498
607
836
390
844
690
321
640
241
372
688
735
390
503
268
264
261
356
397
686
244
641
339
257
479
1949
815
1584
340
264
406
843
314
486
483
1003
13616
7500
3741
948
617
500
333
250
1075
6899
288
329
267
7317
335
11428
861
339
348
1230
351
344
344
562
627
455
795
436
305
310
7400
1698
253
589
45897
412
251
391
470
350
292
2869
1418
341
5765
634
1105
174
216
6892
813
226
1051
803
453
746
167
202
263
846
1296
431
544
489
180
207
958
309
1211
525
2509
189
969
600
289
316
250
490
311
1481
1686
624
1576
341
167
375
287
643
847
3526
4278
3119
3775
3887
472
1087
671
433
387
524
310
1673
804
637
402
345
1948
439
243
552
1417
380
1174
254
319
177
1257
1467
405
212
217
1445
1493
821
543
504
503
402
579
450
379
389
200
316
262
261
215
398
278
298
311
967
528
359
1506
616
268
722
780
468
210
845
596
1576
257
399
257
464
602
305
408
262
376
813
301
597
393
297
614
372
546
1118
406
281
373
217
366
745
421
495
298
773
373
531
545
358
946
293
434
537
369
402
373
476
572
331
481
1120
2346
936
314
250
219
373
532
357
1256
291
451
289
972
786
294
998
482
1090
376
611
809
636
697
1043
455
1056
375
290
433
824
431
457
276
377
393
362
754
466
210
645
280
636
1200
241
293
373
543
376
328
294
802
283
301
242
341
473
373
1160
450
341
789
198
915
379
337
376
415
524
278
365
259
203
566
447
778
371
526
360
321
329
169
893
253
575
425
375
446
286
621
175
708
457
325
500
783
299
456
259
363
633
566
351
333
260
815
900
498
438
723
437
434
476
469
506
168
415
613
537
537
445
331
677
340
559
286
805
1341
283
456
675
510
782
258
290
414
767
680
297
209
336
288
797
415
593
325
283
174
284
285
205
419
376
261
372
652
424
1067
355
425
288
519
467
504
662
410
260
367
328
286
211
284
594
305
849
285
754
200
338
434
209
490
712
1099
936
277
374
408
387
712
304
290
461
668
295
1269
898
567
405
572
329
270
490
424
507
435
421
908
366
382
673
345
419
348
414
341
643
300
338
328
419
1161
412
403
1179
341
370
292
214
500
260
290
537
500
586
374
336
461
349
529
486
289
409
248
246
336
720
501
415
285
376
595
940
868
1378
518
1092
855
461
368
937
356
302
410
335
301
379
327
270
660
466
572
1122
904
313
692
300
287
686
564
632
497
304
512
486
342
302
567
655
492
592
331
415
948
333
256
380
329
339
451
263
916
1499
369
418
636
653
685
350
411
422
940
514
246
2506
474
1152
335
1121
972
628
513
856
330
790
877
425
587
873
734
351
461
1230
412
274
459
597
379
704
1106
354
257
1135
598
1695
469
437
636
793
473
714
361
765
649
1152
514
1062
706
600
1030
1084
476
423
871
1884
931
1588
1336
771
2047
1221
588
1672
1468
1548
814
622
353
256
336
428
366
2901
1369
3418
2966
1571
621
2533
844
656
977
1195
645
374
877
387
429
1135
529
560
676
407
380
423
341
411
633
1087
698
784
952
606
1738
21797
21293
10731
6398
2163
675
15989
2347
5781
4347
5290
1327
2866
1185
1979
6361
3155
