7374
4719
2920
2408
2524
1412
1529
978
1207
1335
914
739
940
972
868
1068
675
718
570
908
847
482
557
799
755
642
317
600
648
409
399
502
604
475
525
393
577
320
494
334
521
401
508
371
343
247
329
333
345
469
409
251
454
354
258
424
238
255
254
244
156
158
167
341
160
283
247
248
334
329
156
252
168
275
157
426
342
269
254
660
229
154
233
310
160
325
326
331
297
246
368
162
168
161
163
162
521
300
246
233
164
161
167
237
241
164
247
239
172
233
442
152
167
310
599
236
584
237
312
232
733
449
225
266
162
362
249
225
305
171
239
443
606
676
321
165
160
373
469
299
262
245
804
237
473
342
1782
243
534
305
249
242
157
161
388
299
230
171
232
239
295
308
810
230
328
177
244
940
170
314
161
310
154
242
242
232
457
235
390
308
435
240
510
530
236
239
162
236
167
174
460
697
392
401
326
776
301
244
231
166
286
322
330
241
538
401
159
234
308
603
286
314
233
442
466
248
336
491
261
421
602
622
338
236
210
319
881
226
309
788
447
238
228
161
168
273
164
439
437
373
300
166
294
238
289
656
446
304
908
437
328
359
296
525
262
286
241
308
284
228
199
168
225
310
307
397
311
242
346
300
322
217
242
220
210
156
165
514
233
459
329
356
390
161
483
299
447
345
391
385
381
393
233
246
252
386
300
461
389
377
390
238
387
230
577
641
229
571
230
379
387
247
317
162
167
227
165
229
241
550
159
162
238
311
234
701
154
170
287
406
229
232
155
164
306
220
266
241
206
157
154
321
342
248
236
238
240
235
355
160
196
228
232
279
624
196
228
223
224
232
171
223
189
246
171
366
195
707
842
347
371
386
218
1251
233
199
220
219
195
166
229
207
248
349
366
234
200
283
246
169
496
320
487
199
389
252
237
170
344
319
525
195
169
205
335
213
482
680
363
272
538
333
321
230
221
368
392
310
155
238
517
314
516
470
242
315
255
268
375
250
298
207
206
266
178
154
306
234
249
181
240
202
408
214
287
314
165
161
601
154
406
324
230
282
287
625
228
168
251
246
200
241
204
316
400
340
224
233
374
207
311
323
390
204
161
311
229
228
242
243
250
475
332
242
230
204
284
159
199
196
234
284
471
188
240
1097
440
429
397
491
