2435
3353
4875
2085
2481
2724
1778
1843
1385
1251
1349
826
1121
1055
780
1440
931
1225
747
744
706
580
718
550
678
545
896
498
671
705
629
554
580
502
605
658
839
906
400
538
710
584
570
542
454
505
504
492
481
494
384
574
353
328
356
418
321
494
281
456
404
330
463
456
395
346
413
299
321
615
624
351
200
453
327
380
407
285
392
292
443
413
341
425
236
584
322
365
363
236
402
437
242
317
408
240
278
303
291
370
319
362
268
348
299
453
234
295
323
245
250
280
293
314
288
445
294
321
246
345
389
240
235
243
284
238
289
243
240
319
256
207
275
318
240
291
303
311
251
305
268
238
250
235
238
374
395
262
156
292
280
248
241
254
239
248
159
264
240
246
197
280
250
312
194
161
227
252
245
251
245
202
301
242
333
244
244
232
369
251
159
223
240
279
241
306
231
238
275
272
205
166
285
200
333
242
230
164
198
281
186
171
288
190
289
238
271
188
241
204
163
223
250
242
238
242
239
241
239
152
239
193
232
216
303
240
191
278
235
164
238
205
195
277
249
238
228
248
199
269
237
201
201
245
202
236
191
190
241
267
162
229
227
173
298
180
232
231
155
227
162
313
207
193
187
155
161
237
233
234
235
225
237
338
164
206
267
193
228
243
192
237
227
258
165
221
190
228
157
162
173
184
197
195
194
193
159
158
196
196
238
180
219
196
162
227
160
158
153
222
188
200
241
239
185
158
204
191
186
205
241
226
209
167
203
186
198
223
227
160
190
281
159
231
191
193
250
255
216
196
212
178
174
208
280
196
161
237
199
193
191
183
157
159
233
201
209
201
158
202
197
196
191
230
191
242
187
189
159
158
170
229
191
203
245
161
190
272
245
225
167
196
183
232
185
229
230
155
230
232
216
153
248
232
155
222
150
151
199
197
238
237
193
218
229
161
167
235
156
225
242
159
216
218
199
160
188
191
203
210
156
193
285
241
149
204
162
229
199
149
202
257
182
197
234
156
151
228
203
195
243
216
205
160
237
234
158
196
193
237
237
159
156
199
157
225
166
196
238
188
235
205
161
190
197
185
237
211
179
214
234
207
159
189
173
196
155
149
197
152
198
156
189
161
153
199
208
175
154
200
193
221
196
223
158
229
195
223
156
166
